$ANSIBLE_VAULT;1.1;AES256
66626536336365633639646337646530656236393539653861303333303431303962666664313430
6538643638643033336330343230323037313261663165330a323834303364613562376366633766
64323234303931363563343030333965663565653665393630326461323161623435386163646135
3735363564333365350a333063353932633465623764633130613538313137393833306261613032
65326135363238356162313064376230303630386462386332623261626438313331616633336637
61633363373537626236633665323735663932616364353866316365386335343833396530626634
63613336636431643466373436666331356362643235326566393133343635316133343133343432
63636462346631613031323432633766323633336530333830363534396661336364363030303534
31643065653031393663316636363234396638356462646463383736373862323632373062353765
38343364636465306237326664373830666230366134623134616538323663346162363732323862
32623430623933616162313631313836613334323538316533396132396637323562653331613664
39343563303161666232333439343133326139613761646536656335653962613431306231313764
62626337376566656239663830393762343664346562353463616635663739653961653138393830
63306162666530653736333733396164333466393463653966643430333232363533366461626135
36396636646135666564393037656661653333343931316333386232396161663163356366396562
65313465643364313434623761306430396430363565653630366162386362323534353636363233
65336431386635653339313530623763663737623733316236653165346363363161376635386439
39366434353434386461616263363735633630343036313235303362363961323730643864643930
62393530333738626265383739396163646164376234663937383637323936306333303134323537
30653538346665636435666630376132353036336363626164613738653736333931343031393162
32323262366632333263383962393735386464366134333530366631306532656231373638343239
31356331313163393333613434373432343361333562633264356339346335306438313838613534
64653866636362633332623834373133393934613661653464333239356565653239396562306130
65313062353663386564316438656165646432356430363066613631306565633939666431646562
64636363393832393536623633633034363731626439323461373062366633363733323133613633
36386565633530663065343633363438343534383637633666393032623134336638313136383230
62323563356136356666646162313134326138643331373035626239303637653535303333633964
64373834303637313537646161306163363430363664376132333364623132623132386363343363
38613066306133323933633930393265613566346365656131636565363437616162633533386235
39626364663737326139313234646663353437353734343035666232373165616663336165346536
66386539633562353561323864323832333963303136656335666565626366353062663561626432
39353234613932326262376634383132353664613231336436353833363730373761313838393963
31313034386235313137303432396662336266363461643339666233386532306632363863643431
34323030353261343838613139666237343163613730653938646436323662666264346162633134
64626630363136383437623364616431663531663937396334303535643465393138633332326665
36653135663462393037
